src,sep,dst,inframes,inbytes,outframes,outbytes,totalframes,totalbytes,relstart,duration
197.208.124.44:24360,<->,71.126.222.64:8174,0,0,3,144,3,144,0.276916000,0.0104
71.126.222.64:63888,<->,195.149.78.209:38310,2,96,0,0,2,96,0.506877000,0.0000
167.78.136.112:9479,<->,71.126.222.64:6372,0,0,2,96,2,96,0.502149000,0.0078
71.126.222.64:48976,<->,215.199.159.193:46751,2,96,0,0,2,96,0.498079000,0.0059
71.126.222.64:63978,<->,212.204.87.232:32911,2,96,0,0,2,96,0.497091000,0.0126
215.132.38.7:62325,<->,71.126.222.64:22224,0,0,2,96,2,96,0.495620000,0.0166
200.67.177.219:50269,<->,71.126.222.64:13207,0,0,2,96,2,96,0.491420000,0.0094
195.92.41.97:42811,<->,71.126.222.64:netwatcher-db,0,0,2,96,2,96,0.490662000,0.0196
209.241.99.58:55890,<->,71.126.222.64:13023,0,0,2,96,2,96,0.490598000,0.0000
209.241.99.58:58797,<->,71.126.222.64:13023,0,0,2,96,2,96,0.489174000,0.0000
71.126.222.64:37528,<->,202.223.248.93:cardbox-http,2,96,0,0,2,96,0.488706000,0.0093
40.117.181.21:32451,<->,71.126.222.64:virtualtape,0,0,2,96,2,96,0.486027000,0.0143
153.4.15.217:29967,<->,71.126.222.64:6372,0,0,2,96,2,96,0.486006000,0.0144
71.126.222.64:47592,<->,214.84.216.64:44371,2,96,0,0,2,96,0.481995000,0.0000
202.107.62.252:59419,<->,71.126.222.64:21946,0,0,2,96,2,96,0.480921000,0.0174
130.119.190.246:65069,<->,71.126.222.64:17547,0,0,2,96,2,96,0.480041000,0.0121
196.105.210.212:62230,<->,71.126.222.64:10470,0,0,2,96,2,96,0.478704000,0.0123
71.126.222.64:63819,<->,200.72.167.141:50874,2,96,0,0,2,96,0.478693000,0.0104
216.156.97.211:27492,<->,71.126.222.64:13507,0,0,2,96,2,96,0.475157000,0.0151
211.129.121.200:35013,<->,71.126.222.64:21795,0,0,2,96,2,96,0.469772000,0.0095
254.30.161.241:34823,<->,71.126.222.64:22771,0,0,2,96,2,96,0.469363000,0.0079
71.126.222.64:34448,<->,219.75.143.243:8316,2,96,0,0,2,96,0.466498000,0.0010
216.148.157.90:48847,<->,71.126.222.64:44420,0,0,2,96,2,96,0.466302000,0.0099
71.126.222.64:34070,<->,216.156.253.27:7841,2,96,0,0,2,96,0.464680000,0.0113
71.126.222.64:32468,<->,130.119.197.157:28959,2,96,0,0,2,96,0.463771000,0.0100
193.222.87.134:42830,<->,71.126.222.64:13238,0,0,2,96,2,96,0.463571000,0.0098
57.222.217.116:59146,<->,71.126.222.64:43183,0,0,2,96,2,96,0.463555000,0.0109
71.126.222.64:32466,<->,58.223.31.92:27423,2,96,0,0,2,96,0.463455000,0.0137
71.126.222.64:47784,<->,45.57.120.206:7540,2,96,0,0,2,96,0.463103000,0.0107
37.231.112.17:55702,<->,71.126.222.64:54300,0,0,2,96,2,96,0.460888000,0.0108
207.252.246.238:63733,<->,71.126.222.64:58985,0,0,2,96,2,96,0.457783000,0.0106
199.193.207.152:50257,<->,71.126.222.64:6372,0,0,2,96,2,96,0.455533000,0.0175
71.126.222.64:26974,<->,192.143.102.116:9298,2,96,0,0,2,96,0.454153000,0.0104
71.126.222.64:15879,<->,208.117.211.224:mylex-mapd,2,96,0,0,2,96,0.453597000,0.0068
71.126.222.64:63510,<->,213.114.130.4:42198,2,96,0,0,2,96,0.451839000,0.0121
202.145.91.226:50275,<->,71.126.222.64:11640,0,0,2,96,2,96,0.450710000,0.0080
71.126.222.64:19012,<->,211.113.140.207:7052,2,96,0,0,2,96,0.450495000,0.0119
197.217.162.134:38413,<->,71.126.222.64:d-fence,0,0,2,96,2,96,0.447288000,0.0148
71.126.222.64:43943,<->,63.126.164.3:10025,2,96,0,0,2,96,0.446302000,0.0107
250.254.109.96:14831,<->,71.126.222.64:x11,0,0,2,96,2,96,0.446174000,0.0023
214.181.180.42:59874,<->,71.126.222.64:21946,0,0,2,96,2,96,0.445666000,0.0108
216.165.225.74:53229,<->,71.126.222.64:29775,0,0,2,96,2,96,0.445285000,0.0087
71.126.222.64:22224,<->,195.194.8.167:15615,2,96,0,0,2,96,0.444913000,0.0042
40.0.187.101:51320,<->,71.126.222.64:15486,0,0,2,96,2,96,0.442597000,0.0097
203.188.180.225:44635,<->,71.126.222.64:13238,0,0,2,96,2,96,0.440543000,0.0057
71.126.222.64:36576,<->,54.113.185.215:33308,2,96,0,0,2,96,0.440233000,0.0082
71.126.222.64:50330,<->,215.94.251.130:swdtp,2,96,0,0,2,96,0.433948000,0.0103
212.2.46.20:59925,<->,71.126.222.64:36104,0,0,2,96,2,96,0.433287000,0.0103
71.126.222.64:47592,<->,38.165.190.90:stuns,2,96,0,0,2,96,0.431891000,0.0022
195.25.96.197:56454,<->,71.126.222.64:48976,0,0,2,96,2,96,0.429415000,0.0053
71.126.222.64:38667,<->,40.71.25.78:24700,2,96,0,0,2,96,0.426676000,0.0125
215.64.43.230:61984,<->,71.126.222.64:32466,0,0,2,96,2,96,0.426426000,0.0050
212.146.5.62:57362,<->,71.126.222.64:43943,0,0,2,96,2,96,0.426271000,0.0127
71.126.222.64:47784,<->,45.57.120.206:acplt,2,96,0,0,2,96,0.425073000,0.0110
196.86.142.179:45163,<->,71.126.222.64:19012,0,0,2,96,2,96,0.423091000,0.0104
71.126.222.64:47068,<->,214.178.181.5:caevms,2,96,0,0,2,96,0.422844000,0.0061
216.165.225.74:53227,<->,71.126.222.64:29775,0,0,2,96,2,96,0.422421000,0.0060
36.77.50.254:56293,<->,71.126.222.64:spsc,0,0,2,96,2,96,0.419688000,0.0103
216.156.97.211:27445,<->,71.126.222.64:13507,0,0,2,96,2,96,0.419149000,0.0082
204.54.196.69:61641,<->,71.126.222.64:36447,0,0,2,96,2,96,0.417874000,0.0083
71.126.222.64:48976,<->,208.119.226.72:40904,2,96,0,0,2,96,0.411639000,0.0118
202.117.42.95:63141,<->,71.126.222.64:44833,0,0,2,96,2,96,0.409642000,0.0100
167.46.3.209:18969,<->,71.126.222.64:6372,0,0,2,96,2,96,0.409573000,0.0081
71.126.222.64:36104,<->,210.63.140.29:33320,2,96,0,0,2,96,0.408704000,0.0002
202.107.62.252:59385,<->,71.126.222.64:21946,0,0,2,96,2,96,0.407416000,0.0304
71.126.222.64:63888,<->,133.85.232.42:15049,2,96,0,0,2,96,0.406919000,0.0096
71.126.222.64:49858,<->,195.53.240.87:univision,2,96,0,0,2,96,0.405769000,0.0080
71.126.222.64:44833,<->,196.103.220.178:23090,2,96,0,0,2,96,0.404570000,0.0053
71.126.222.64:36104,<->,210.63.140.29:33273,2,96,0,0,2,96,0.404320000,0.0000
71.126.222.64:43211,<->,212.71.216.174:hello,2,96,0,0,2,96,0.403375000,0.0116
254.30.161.241:34760,<->,71.126.222.64:22771,0,0,2,96,2,96,0.401999000,0.0122
71.126.222.64:63978,<->,212.204.87.232:filenet-nch,2,96,0,0,2,96,0.398893000,0.0079
71.126.222.64:44300,<->,37.106.161.12:22885,2,96,0,0,2,96,0.398714000,0.0185
71.126.222.64:11132,<->,130.253.23.126:10439,2,96,0,0,2,96,0.398440000,0.0067
71.126.222.64:47068,<->,214.178.181.5:5204,2,96,0,0,2,96,0.398320000,0.0062
167.71.170.177:62690,<->,71.126.222.64:43286,0,0,2,96,2,96,0.397150000,0.0120
71.126.222.64:43286,<->,215.81.245.72:40984,2,96,0,0,2,96,0.396765000,0.0069
71.126.222.64:32695,<->,196.113.124.142:26301,2,96,0,0,2,96,0.396303000,0.0145
41.185.40.26:ezmeeting-2,<->,71.126.222.64:cequint-cityid,0,0,2,96,2,96,0.395445000,0.0151
41.185.40.26:10069,<->,71.126.222.64:cequint-cityid,0,0,2,96,2,96,0.393344000,0.0003
71.126.222.64:32468,<->,130.119.197.157:28881,2,96,0,0,2,96,0.388536000,0.0103
209.247.197.87:55066,<->,71.126.222.64:29772,0,0,2,96,2,96,0.388082000,0.0102
215.64.43.230:61922,<->,71.126.222.64:32466,0,0,2,96,2,96,0.386250000,0.0055
196.210.182.46:20393,<->,71.126.222.64:14356,0,0,2,96,2,96,0.384847000,0.0251
197.208.124.44:24469,<->,71.126.222.64:8174,0,0,2,96,2,96,0.384465000,0.0106
197.130.44.129:6261,<->,71.126.222.64:prm-sm-np,0,0,2,96,2,96,0.381539000,0.0115
167.236.109.8:29440,<->,71.126.222.64:24530,0,0,2,96,2,96,0.379243000,0.0097
36.77.50.254:56290,<->,71.126.222.64:spsc,0,0,2,96,2,96,0.377166000,0.0107
167.46.3.209:18938,<->,71.126.222.64:6372,0,0,2,96,2,96,0.375793000,0.0076
250.254.109.96:14753,<->,71.126.222.64:x11,0,0,2,96,2,96,0.374561000,0.0062
202.145.91.226:50270,<->,71.126.222.64:11640,0,0,2,96,2,96,0.374540000,0.0099
71.126.222.64:53181,<->,58.201.177.243:35138,2,96,0,0,2,96,0.374502000,0.0082
71.126.222.64:48976,<->,208.119.226.72:40873,2,96,0,0,2,96,0.372022000,0.0086
208.117.40.180:44463,<->,71.126.222.64:11151,0,0,2,96,2,96,0.371871000,0.0284
73.52.179.129:50149,<->,71.126.222.64:37065,0,0,2,96,2,96,0.369852000,0.0112
212.2.46.20:59913,<->,71.126.222.64:36104,0,0,2,96,2,96,0.369567000,0.0101
217.238.32.123:53258,<->,71.126.222.64:15076,0,0,2,96,2,96,0.368415000,0.0151
192.186.193.33:55613,<->,71.126.222.64:31086,0,0,2,96,2,96,0.368299000,0.0102
219.75.201.72:7526,<->,71.126.222.64:accelenet,0,0,2,96,2,96,0.367537000,0.0090
196.210.182.46:20346,<->,71.126.222.64:14356,0,0,2,96,2,96,0.364898000,0.0155
71.126.222.64:48976,<->,194.206.27.219:18247,2,96,0,0,2,96,0.356820000,0.0080
204.54.196.69:61632,<->,71.126.222.64:36447,0,0,2,96,2,96,0.350627000,0.0123
58.223.49.181:52267,<->,71.126.222.64:11516,0,0,2,96,2,96,0.347830000,0.0104
208.117.40.180:44432,<->,71.126.222.64:11151,0,0,2,96,2,96,0.344025000,0.0079
71.126.222.64:46386,<->,214.130.24.69:7257,2,96,0,0,2,96,0.343766000,0.0032
71.126.222.64:45890,<->,193.137.149.18:sunscalar-svc,2,96,0,0,2,96,0.342859000,0.0080
71.126.222.64:43159,<->,219.237.169.208:6987,2,96,0,0,2,96,0.340279000,0.0112
167.46.3.209:18906,<->,71.126.222.64:6372,0,0,2,96,2,96,0.339746000,0.0136
57.222.217.116:64685,<->,71.126.222.64:43183,0,0,2,96,2,96,0.334854000,0.0144
215.73.249.204:39844,<->,71.126.222.64:39409,0,0,2,96,2,96,0.334675000,0.0111
195.53.240.87:62977,<->,71.126.222.64:49858,0,0,2,96,2,96,0.331637000,0.0083
71.126.222.64:32466,<->,213.148.18.12:7110,2,96,0,0,2,96,0.331472000,0.0088
52.115.91.169:65417,<->,71.126.222.64:59709,0,0,2,96,2,96,0.330871000,0.0041
71.126.222.64:36104,<->,210.63.140.29:33164,2,96,0,0,2,96,0.329359000,0.0045
71.126.222.64:43286,<->,215.81.245.72:40907,2,96,0,0,2,96,0.328835000,0.0206
45.9.190.227:47231,<->,71.126.222.64:32985,0,0,2,96,2,96,0.328585000,0.0091
192.50.5.194:62815,<->,71.126.222.64:11151,0,0,2,96,2,96,0.328090000,0.0095
216.148.157.90:48691,<->,71.126.222.64:44420,0,0,2,96,2,96,0.327018000,0.0115
71.126.222.64:13727,<->,197.179.135.231:dxmessagebase1,2,96,0,0,2,96,0.326712000,0.0002
214.231.96.0:64706,<->,71.126.222.64:42453,0,0,2,96,2,96,0.323635000,0.0120
215.64.43.230:61843,<->,71.126.222.64:32466,0,0,2,96,2,96,0.322791000,0.0055
196.86.142.179:45053,<->,71.126.222.64:19012,0,0,2,96,2,96,0.318874000,0.0041
192.81.205.160:50261,<->,71.126.222.64:37528,0,0,2,96,2,96,0.314743000,0.0108
40.117.181.21:32279,<->,71.126.222.64:virtualtape,0,0,2,96,2,96,0.313829000,0.0143
71.126.222.64:60552,<->,199.219.164.26:6896,2,96,0,0,2,96,0.313800000,0.0013
71.126.222.64:47068,<->,212.211.253.227:5214,2,96,0,0,2,96,0.312211000,0.0040
212.2.46.20:64821,<->,71.126.222.64:36104,0,0,2,96,2,96,0.311992000,0.0115
71.126.222.64:45890,<->,193.137.149.18:optika-emedia,2,96,0,0,2,96,0.311920000,0.0079
71.126.222.64:63510,<->,213.114.130.4:42057,2,96,0,0,2,96,0.310881000,0.0135
130.119.190.246:50905,<->,71.126.222.64:17547,0,0,2,96,2,96,0.308239000,0.0100
71.126.222.64:63888,<->,133.85.232.42:14955,2,96,0,0,2,96,0.307748000,0.0096
71.126.222.64:43211,<->,217.60.73.182:notify-srvr,2,96,0,0,2,96,0.302985000,0.0096
209.247.101.83:40863,<->,71.126.222.64:19849,0,0,2,96,2,96,0.298340000,0.0107
71.126.222.64:43159,<->,219.237.169.208:6940,2,96,0,0,2,96,0.295003000,0.0101
71.126.222.64:47068,<->,212.211.253.227:scte104,2,96,0,0,2,96,0.293315000,0.0045
71.126.222.64:62524,<->,192.173.201.75:17654,2,96,0,0,2,96,0.291268000,0.0115
71.126.222.64:47784,<->,45.57.120.206:7353,2,96,0,0,2,96,0.290452000,0.0108
198.83.232.76:59923,<->,71.126.222.64:38407,0,0,2,96,2,96,0.290260000,0.0078
71.126.222.64:22224,<->,195.194.8.167:15606,2,96,0,0,2,96,0.286730000,0.0238
130.119.190.246:56923,<->,71.126.222.64:17547,0,0,2,96,2,96,0.286275000,0.0000
192.1.206.217:56868,<->,71.126.222.64:22224,0,0,2,96,2,96,0.282333000,0.0117
199.193.207.152:50246,<->,71.126.222.64:6372,0,0,2,96,2,96,0.280684000,0.0163
53.27.233.250:54595,<->,71.126.222.64:5652,0,0,2,96,2,96,0.280604000,0.0084
212.146.5.62:57190,<->,71.126.222.64:43943,0,0,2,96,2,96,0.279936000,0.0124
203.223.34.138:62549,<->,71.126.222.64:60204,0,0,2,96,2,96,0.277384000,0.0103
71.126.222.64:47784,<->,199.58.222.201:42521,2,96,0,0,2,96,0.275910000,0.0114
193.30.62.123:62750,<->,71.126.222.64:41265,0,0,2,96,2,96,0.273145000,0.0159
73.52.179.129:50142,<->,71.126.222.64:37065,0,0,2,96,2,96,0.273028000,0.0106
209.241.99.58:59481,<->,71.126.222.64:eba,0,0,2,96,2,96,0.266338000,0.0000
209.241.99.58:51471,<->,71.126.222.64:13023,0,0,2,96,2,96,0.266149000,0.0000
209.241.99.58:55358,<->,71.126.222.64:13023,0,0,2,96,2,96,0.265330000,0.0000
209.241.99.58:58293,<->,71.126.222.64:eba,0,0,2,96,2,96,0.264838000,0.0010
214.132.221.130:47434,<->,71.126.222.64:9529,0,0,2,96,2,96,0.264597000,0.0286
71.126.222.64:32466,<->,213.148.18.12:7047,2,96,0,0,2,96,0.264410000,0.0122
71.126.222.64:npp,<->,97.191.83.133:dcsoftware,2,96,0,0,2,96,0.264245000,0.0082
71.126.222.64:43211,<->,212.71.216.174:remote-winsock,2,96,0,0,2,96,0.262032000,0.0116
71.126.222.64:43943,<->,63.126.164.3:9838,2,96,0,0,2,96,0.259285000,0.0101
214.136.169.42:64607,<->,71.126.222.64:5652,0,0,2,96,2,96,0.257606000,0.0084
167.71.170.177:62681,<->,71.126.222.64:43286,0,0,2,96,2,96,0.256916000,0.0133
71.126.222.64:50330,<->,212.73.135.198:21929,2,96,0,0,2,96,0.256173000,0.0099
167.78.136.112:9229,<->,71.126.222.64:6372,0,0,2,96,2,96,0.254324000,0.0097
71.126.222.64:26974,<->,192.143.102.116:9095,2,96,0,0,2,96,0.252868000,0.0086
211.186.118.80:64529,<->,71.126.222.64:spsc,0,0,2,96,2,96,0.252770000,0.0086
211.104.205.232:43884,<->,71.126.222.64:8174,0,0,2,96,2,96,0.249671000,0.0000
71.126.222.64:32468,<->,130.119.197.157:28741,2,96,0,0,2,96,0.249140000,0.0091
71.126.222.64:62524,<->,192.173.201.75:17607,2,96,0,0,2,96,0.249109000,0.0101
71.126.222.64:45890,<->,193.137.149.18:cft-5,2,96,0,0,2,96,0.247692000,0.0081
197.208.124.44:24329,<->,71.126.222.64:8174,0,0,2,96,2,96,0.244735000,0.0108
71.126.222.64:36104,<->,210.63.140.29:33102,2,96,0,0,2,96,0.243021000,0.0000
37.231.112.17:55483,<->,71.126.222.64:54300,0,0,2,96,2,96,0.242892000,0.0111
36.228.252.176:46620,<->,71.126.222.64:44300,0,0,2,96,2,96,0.241239000,0.0126
216.148.157.90:48581,<->,71.126.222.64:44420,0,0,2,96,2,96,0.240725000,0.0031
192.1.206.217:56821,<->,71.126.222.64:22224,0,0,2,96,2,96,0.238830000,0.0098
71.126.222.64:32468,<->,212.200.212.201:meregister,2,96,0,0,2,96,0.233676000,0.0054
210.184.198.248:30333,<->,71.126.222.64:15067,0,0,2,96,2,96,0.233293000,0.0173
71.126.222.64:44300,<->,37.106.161.12:22775,2,96,0,0,2,96,0.233000000,0.0132
196.86.142.179:44975,<->,71.126.222.64:19012,0,0,2,96,2,96,0.232528000,0.0157
167.46.3.209:18797,<->,71.126.222.64:6372,0,0,2,96,2,96,0.232064000,0.0097
212.2.46.20:59751,<->,71.126.222.64:36104,0,0,2,96,2,96,0.231869000,0.0113
192.50.5.194:62802,<->,71.126.222.64:11151,0,0,2,96,2,96,0.229708000,0.0097
71.126.222.64:43943,<->,208.176.208.191:7890,2,96,0,0,2,96,0.228454000,0.0122
71.126.222.64:50330,<->,215.94.251.130:9901,2,96,0,0,2,96,0.227760000,0.0108
211.186.118.80:64267,<->,71.126.222.64:spsc,0,0,2,96,2,96,0.226324000,0.0088
71.126.222.64:41195,<->,52.156.249.228:10228,2,96,0,0,2,96,0.224858000,0.0318
196.86.142.179:44944,<->,71.126.222.64:19012,0,0,2,96,2,96,0.222309000,0.0006
71.126.222.64:48976,<->,194.206.27.219:18107,2,96,0,0,2,96,0.220370000,0.0164
71.126.222.64:63978,<->,55.166.114.74:28223,2,96,0,0,2,96,0.218588000,0.0121
71.126.222.64:50330,<->,212.73.135.198:21898,2,96,0,0,2,96,0.218517000,0.0130
197.217.162.134:38179,<->,71.126.222.64:d-fence,0,0,2,96,2,96,0.216765000,0.0103
194.162.37.30:39982,<->,71.126.222.64:13238,0,0,2,96,2,96,0.214552000,0.0057
71.126.222.64:43943,<->,63.126.164.3:9791,2,96,0,0,2,96,0.213948000,0.0108
200.227.110.2:51301,<->,71.126.222.64:16314,0,0,2,96,2,96,0.213080000,0.0000
71.126.222.64:34070,<->,216.156.253.27:7591,2,96,0,0,2,96,0.212526000,0.0164
208.115.86.7:53151,<->,71.126.222.64:8858,0,0,2,96,2,96,0.211660000,0.0082
198.83.232.76:59845,<->,71.126.222.64:38407,0,0,2,96,2,96,0.207845000,0.0219
193.210.144.122:61951,<->,71.126.222.64:32985,0,0,2,96,2,96,0.207436000,0.0241
217.238.32.123:53117,<->,71.126.222.64:15076,0,0,2,96,2,96,0.204774000,0.0095
199.193.207.152:50241,<->,71.126.222.64:6372,0,0,2,96,2,96,0.204561000,0.0163
212.2.46.20:59755,<->,71.126.222.64:36104,0,0,2,96,2,96,0.200539000,0.0083
200.177.18.186:46534,<->,71.126.222.64:accelenet,0,0,2,96,2,96,0.198483000,0.0000
71.126.222.64:46958,<->,203.151.87.229:732,2,96,0,0,2,96,0.190049000,0.0098
192.50.5.194:62794,<->,71.126.222.64:11151,0,0,2,96,2,96,0.189099000,0.0093
71.126.222.64:63282,<->,194.252.73.251:61195,2,96,0,0,2,96,0.186883000,0.0072
71.126.222.64:62524,<->,192.173.201.75:17545,2,96,0,0,2,96,0.185012000,0.0100
71.126.222.64:48976,<->,208.119.226.72:40685,2,96,0,0,2,96,0.184887000,0.0083
71.126.222.64:43943,<->,63.126.164.3:9760,2,96,0,0,2,96,0.180931000,0.0107
197.208.124.44:24266,<->,71.126.222.64:8174,0,0,2,96,2,96,0.179951000,0.0109
199.193.207.152:50239,<->,71.126.222.64:6372,0,0,2,96,2,96,0.174925000,0.0057
199.129.180.200:53480,<->,71.126.222.64:6311,0,0,2,96,2,96,0.172694000,0.0108
52.115.91.169:63421,<->,71.126.222.64:59709,0,0,2,96,2,96,0.170775000,0.0172
71.126.222.64:34070,<->,194.126.183.219:29566,2,96,0,0,2,96,0.169345000,0.3171
71.126.222.64:38667,<->,40.71.25.78:24450,2,96,0,0,2,96,0.168966000,0.0081
39.10.172.60:33621,<->,71.126.222.64:31236,0,0,2,96,2,96,0.167500000,0.0000
71.126.222.64:63888,<->,133.85.232.42:14814,2,96,0,0,2,96,0.167265000,0.0104
215.64.43.230:61625,<->,71.126.222.64:32466,0,0,2,96,2,96,0.166593000,0.0051
71.126.222.64:17547,<->,216.93.18.111:16390,2,96,0,0,2,96,0.165486000,0.0031
250.254.109.96:14550,<->,71.126.222.64:x11,0,0,2,96,2,96,0.165016000,0.0137
57.222.217.116:64103,<->,71.126.222.64:43183,0,0,2,96,2,96,0.163174000,0.0103
203.255.94.150:53453,<->,71.126.222.64:41154,0,0,2,96,2,96,0.162737000,0.0100
39.10.172.60:32785,<->,71.126.222.64:31236,0,0,2,96,2,96,0.162579000,0.0000
71.126.222.64:41713,<->,54.188.5.171:14636,2,96,0,0,2,96,0.160188000,0.0049
195.53.240.87:62805,<->,71.126.222.64:49858,0,0,2,96,2,96,0.157859000,0.0102
192.50.5.194:62790,<->,71.126.222.64:11151,0,0,2,96,2,96,0.155050000,0.0094
213.202.96.51:62629,<->,71.126.222.64:11151,0,0,2,96,2,96,0.154878000,0.0142
71.126.222.64:47592,<->,38.165.190.90:5330,2,96,0,0,2,96,0.152702000,0.0021
214.136.169.42:64600,<->,71.126.222.64:5652,0,0,2,96,2,96,0.149289000,0.0081
71.126.222.64:33048,<->,97.240.233.203:19647,2,96,0,0,2,96,0.149274000,0.0074
71.126.222.64:43969,<->,192.126.192.190:27737,2,96,0,0,2,96,0.148914000,0.0055
250.247.75.14:10234,<->,71.126.222.64:autobuild,0,0,2,96,2,96,0.148576000,0.0131
197.208.124.44:24235,<->,71.126.222.64:8174,0,0,2,96,2,96,0.148192000,0.0102
200.71.186.74:50697,<->,71.126.222.64:49601,0,0,2,96,2,96,0.146967000,0.0098
71.126.222.64:50330,<->,212.73.135.198:21820,2,96,0,0,2,96,0.146077000,0.0060
65.212.95.247:50444,<->,71.126.222.64:20631,0,0,2,96,2,96,0.142966000,0.0126
71.126.222.64:63978,<->,194.161.7.93:39045,2,96,0,0,2,96,0.140762000,0.0107
199.129.180.200:53449,<->,71.126.222.64:6311,0,0,2,96,2,96,0.140129000,0.0128
208.117.40.180:44213,<->,71.126.222.64:11151,0,0,2,96,2,96,0.138381000,0.0086
188.236.80.54:55366,<->,71.126.222.64:48976,0,0,2,96,2,96,0.138094000,0.3297
213.196.36.138:64084,<->,71.126.222.64:13238,0,0,2,96,2,96,0.137940000,0.0140
203.223.34.138:62540,<->,71.126.222.64:60204,0,0,2,96,2,96,0.137615000,0.0109
197.84.248.196:27783,<->,71.126.222.64:18660,0,0,2,96,2,96,0.136833000,0.0119
130.119.190.246:53050,<->,71.126.222.64:17547,0,0,2,96,2,96,0.136205000,0.0113
167.82.168.208:41147,<->,71.126.222.64:19202,0,0,2,96,2,96,0.132019000,0.0114
193.210.144.122:61946,<->,71.126.222.64:32985,0,0,2,96,2,96,0.131586000,0.0242
40.0.187.101:51297,<->,71.126.222.64:15486,0,0,2,96,2,96,0.131088000,0.0107
203.255.94.150:53422,<->,71.126.222.64:41154,0,0,2,96,2,96,0.131025000,0.0100
212.219.70.114:64682,<->,71.126.222.64:32442,0,0,2,96,2,96,0.129028000,0.0115
203.188.180.225:pmcdproxy,<->,71.126.222.64:13238,0,0,2,96,2,96,0.127246000,0.0072
71.126.222.64:43286,<->,215.81.245.72:40707,2,96,0,0,2,96,0.126506000,0.0113
195.17.100.204:41048,<->,71.126.222.64:6097,0,0,2,96,2,96,0.126129000,0.0197
209.247.101.83:40691,<->,71.126.222.64:19849,0,0,2,96,2,96,0.123980000,0.0090
71.126.222.64:43059,<->,54.100.200.28:15612,2,96,0,0,2,96,0.123145000,0.0002
71.126.222.64:43969,<->,192.126.192.190:27705,2,96,0,0,2,96,0.121122000,0.0165
71.126.222.64:62524,<->,192.173.201.75:17482,2,96,0,0,2,96,0.120840000,0.0121
192.81.205.160:50250,<->,71.126.222.64:37528,0,0,2,96,2,96,0.119972000,0.0112
71.126.222.64:44833,<->,196.103.220.178:22872,2,96,0,0,2,96,0.119260000,0.0002
212.80.220.218:49457,<->,71.126.222.64:magaya-network,0,0,2,96,2,96,0.118848000,0.0073
71.126.222.64:60552,<->,199.219.164.26:vfbp,2,96,0,0,2,96,0.111792000,0.0010
71.126.222.64:48976,<->,208.119.226.72:40607,2,96,0,0,2,96,0.110793000,0.0077
71.126.222.64:46386,<->,198.175.154.239:29117,2,96,0,0,2,96,0.107939000,0.0019
71.126.222.64:63282,<->,194.252.73.251:61117,2,96,0,0,2,96,0.107863000,0.0116
212.214.231.133:39115,<->,71.126.222.64:29775,0,0,2,96,2,96,0.105935000,0.0104
199.193.207.152:50234,<->,71.126.222.64:6372,0,0,2,96,2,96,0.105745000,0.0065
197.208.124.44:24188,<->,71.126.222.64:8174,0,0,2,96,2,96,0.104989000,0.0105
71.126.222.64:48976,<->,215.199.159.193:46361,2,96,0,0,2,96,0.104235000,0.0090
198.83.232.76:59736,<->,71.126.222.64:38407,0,0,2,96,2,96,0.104181000,0.0118
71.126.222.64:38667,<->,40.71.25.78:24372,2,96,0,0,2,96,0.102663000,0.0088
71.126.222.64:44300,<->,37.106.161.12:22088,2,96,0,0,2,96,0.098835000,0.0136
71.126.222.64:63978,<->,212.204.87.232:32489,2,96,0,0,2,96,0.093978000,0.0079
211.129.121.210:34638,<->,71.126.222.64:21795,0,0,2,96,2,96,0.093343000,0.0103
71.126.222.64:34070,<->,194.126.183.219:29488,2,96,0,0,2,96,0.088338000,0.0102
57.222.217.116:58121,<->,71.126.222.64:43183,0,0,2,96,2,96,0.088144000,0.0107
71.126.222.64:46386,<->,214.130.24.69:7085,2,96,0,0,2,96,0.087970000,0.0108
71.126.222.64:36104,<->,210.63.140.29:32914,2,96,0,0,2,96,0.084090000,0.0047
71.126.222.64:62524,<->,192.173.201.75:17435,2,96,0,0,2,96,0.082766000,0.0082
71.126.222.64:63978,<->,212.204.87.232:32457,2,96,0,0,2,96,0.077797000,0.0056
71.126.222.64:41713,<->,54.188.5.171:14558,2,96,0,0,2,96,0.077628000,0.0053
71.126.222.64:36783,<->,167.137.236.138:33868,2,96,0,0,2,96,0.075953000,0.0095
200.71.186.74:50692,<->,71.126.222.64:49601,0,0,2,96,2,96,0.075186000,0.0092
71.126.222.64:63282,<->,194.252.73.251:61086,2,96,0,0,2,96,0.074083000,0.0118
193.210.144.122:61942,<->,71.126.222.64:32985,0,0,2,96,2,96,0.071957000,0.0075
130.119.190.246:55433,<->,71.126.222.64:17547,0,0,2,96,2,96,0.071207000,0.0098
71.126.222.64:43969,<->,192.126.192.190:27674,2,96,0,0,2,96,0.070295000,0.0245
71.126.222.64:48976,<->,215.199.159.193:46330,2,96,0,0,2,96,0.069952000,0.0118
98.228.36.244:58914,<->,71.126.222.64:18761,0,0,2,96,2,96,0.067429000,0.0067
202.117.42.95:63126,<->,71.126.222.64:44833,0,0,2,96,2,96,0.066117000,0.0107
192.79.113.250:11558,<->,71.126.222.64:magaya-network,0,0,2,96,2,96,0.063817000,0.0128
197.84.248.196:27705,<->,71.126.222.64:18660,0,0,2,96,2,96,0.062941000,0.0094
130.119.190.246:57415,<->,71.126.222.64:17547,0,0,2,96,2,96,0.061447000,0.0000
214.181.180.42:59848,<->,71.126.222.64:21946,0,0,2,96,2,96,0.059067000,0.0116
212.80.220.218:49395,<->,71.126.222.64:magaya-network,0,0,2,96,2,96,0.058757000,0.0072
196.86.142.179:44772,<->,71.126.222.64:19012,0,0,2,96,2,96,0.057886000,0.0006
71.126.222.64:43211,<->,212.71.216.174:bcs-broker,2,96,0,0,2,96,0.057388000,0.0116
71.126.222.64:43943,<->,208.176.208.191:7718,2,96,0,0,2,96,0.056865000,0.0126
167.40.87.201:52813,<->,71.126.222.64:17547,0,0,2,96,2,96,0.055828000,0.0123
71.126.222.64:36576,<->,217.32.148.196:7912,2,96,0,0,2,96,0.047842000,0.0114
71.126.222.64:50330,<->,215.94.251.130:9713,2,96,0,0,2,96,0.043266000,0.0101
71.126.222.64:63282,<->,194.252.73.251:61055,2,96,0,0,2,96,0.042298000,0.0109
208.117.40.180:44088,<->,71.126.222.64:11151,0,0,2,96,2,96,0.042228000,0.0084
71.126.222.64:34070,<->,216.156.253.27:7419,2,96,0,0,2,96,0.041763000,0.0132
196.120.240.97:48334,<->,71.126.222.64:44279,0,0,2,96,2,96,0.040564000,0.0095
203.223.34.138:62534,<->,71.126.222.64:60204,0,0,2,96,2,96,0.040377000,0.0111
71.126.222.64:32695,<->,196.113.124.142:25941,2,96,0,0,2,96,0.040294000,0.0140
71.126.222.64:43059,<->,54.100.200.28:15503,2,96,0,0,2,96,0.034914000,0.0000
198.83.232.76:59673,<->,71.126.222.64:38407,0,0,2,96,2,96,0.034001000,0.0117
71.126.222.64:47592,<->,38.165.190.90:5324,2,96,0,0,2,96,0.033942000,0.0011
202.117.42.95:63125,<->,71.126.222.64:44833,0,0,2,96,2,96,0.032320000,0.0093
213.196.36.138:63990,<->,71.126.222.64:13238,0,0,2,96,2,96,0.032271000,0.0180
71.126.222.64:60552,<->,199.219.164.26:6615,2,96,0,0,2,96,0.028757000,0.0386
217.238.32.123:52945,<->,71.126.222.64:15076,0,0,2,96,2,96,0.028417000,0.0110
212.80.220.218:49364,<->,71.126.222.64:magaya-network,0,0,2,96,2,96,0.025417000,0.0077
71.126.222.64:34070,<->,194.126.183.219:29426,2,96,0,0,2,96,0.024185000,0.0122
192.79.113.250:11511,<->,71.126.222.64:magaya-network,0,0,2,96,2,96,0.021313000,0.0102
167.46.3.209:18578,<->,71.126.222.64:6372,0,0,2,96,2,96,0.017525000,0.0080
71.126.222.64:17547,<->,216.93.18.111:16386,2,96,0,0,2,96,0.013668000,0.0032
71.126.222.64:47592,<->,38.165.190.90:pkix-cmc,2,96,0,0,2,96,0.013620000,0.0005
71.126.222.64:59758,<->,217.238.32.123:52930,2,96,0,0,2,96,0.012702000,0.0096
71.126.222.64:53181,<->,40.69.193.118:37919,2,96,0,0,2,96,0.012627000,0.0105
192.153.16.160:50647,<->,71.126.222.64:6097,0,0,2,96,2,96,0.011222000,0.0108
200.177.18.186:46330,<->,71.126.222.64:accelenet,0,0,2,96,2,96,0.010527000,0.0010
210.184.198.248:30130,<->,71.126.222.64:15067,0,0,2,96,2,96,0.009968000,0.0220
40.117.181.21:31967,<->,71.126.222.64:virtualtape,0,0,2,96,2,96,0.009847000,0.0004
71.126.222.64:63282,<->,194.252.73.251:61023,2,96,0,0,2,96,0.009360000,0.0121
71.126.222.64:44279,<->,196.120.240.97:33858,2,96,0,0,2,96,0.009330000,0.0096
200.227.110.2:51270,<->,71.126.222.64:16314,0,0,2,96,2,96,0.008215000,0.0006
130.119.190.246:64614,<->,71.126.222.64:17547,0,0,2,96,2,96,0.007698000,0.0110
71.126.222.64:50330,<->,212.73.135.198:21679,2,96,0,0,2,96,0.000642000,0.0081
52.87.251.203:64963,<->,71.126.222.64:35869,0,0,1,48,1,48,0.514989000,0.0000
204.172.167.43:26291,<->,71.126.222.64:15486,0,0,1,48,1,48,0.514933000,0.0000
200.177.18.186:46846,<->,71.126.222.64:accelenet,0,0,1,48,1,48,0.514893000,0.0000
196.111.119.89:15148,<->,71.126.222.64:6311,0,0,1,48,1,48,0.514795000,0.0000
71.126.222.64:31086,<->,40.68.224.231:8631,1,48,0,0,1,48,0.514766000,0.0000
200.68.6.169:50294,<->,71.126.222.64:49809,0,0,1,48,1,48,0.514534000,0.0000
71.126.222.64:36104,<->,213.204.2.229:20644,1,48,0,0,1,48,0.514482000,0.0000
58.203.95.7:47212,<->,71.126.222.64:13238,0,0,1,48,1,48,0.514426000,0.0000
214.141.246.136:65099,<->,71.126.222.64:45086,0,0,1,48,1,48,0.514395000,0.0000
71.126.222.64:49656,<->,167.85.185.146:31707,1,48,0,0,1,48,0.514342000,0.0000
98.228.36.244:59383,<->,71.126.222.64:18761,0,0,1,48,1,48,0.514270000,0.0000
71.126.222.64:48976,<->,192.5.232.167:24851,1,48,0,0,1,48,0.514126000,0.0000
71.126.222.64:63888,<->,167.234.169.248:62815,1,48,0,0,1,48,0.514103000,0.0000
71.126.222.64:25864,<->,193.8.180.234:17579,1,48,0,0,1,48,0.514090000,0.0000
212.146.5.62:57424,<->,71.126.222.64:43943,0,0,1,48,1,48,0.514056000,0.0000
192.153.16.160:50684,<->,71.126.222.64:6097,0,0,1,48,1,48,0.514004000,0.0000
194.252.80.212:56514,<->,71.126.222.64:43286,0,0,1,48,1,48,0.513947000,0.0000
130.59.172.64:62229,<->,71.126.222.64:54592,0,0,1,48,1,48,0.513889000,0.0000
71.126.222.64:38667,<->,40.71.25.78:24747,1,48,0,0,1,48,0.513882000,0.0000
203.255.94.150:53797,<->,71.126.222.64:41154,0,0,1,48,1,48,0.513875000,0.0000
39.111.84.121:43774,<->,71.126.222.64:41154,0,0,1,48,1,48,0.513656000,0.0000
214.181.180.42:59884,<->,71.126.222.64:21946,0,0,1,48,1,48,0.513568000,0.0000
203.223.34.138:62564,<->,71.126.222.64:60204,0,0,1,48,1,48,0.513560000,0.0000
210.184.198.248:30677,<->,71.126.222.64:15067,0,0,1,48,1,48,0.513502000,0.0000
71.126.222.64:49601,<->,177.229.247.161:39668,1,48,0,0,1,48,0.513444000,0.0000
71.126.222.64:46386,<->,198.175.154.239:29538,1,48,0,0,1,48,0.513430000,0.0000
167.236.109.8:29565,<->,71.126.222.64:24530,0,0,1,48,1,48,0.513369000,0.0000
194.139.241.165:46949,<->,71.126.222.64:copy,0,0,1,48,1,48,0.513360000,0.0000
71.126.222.64:48976,<->,215.199.159.193:46767,1,48,0,0,1,48,0.513224000,0.0000
38.174.166.55:56307,<->,71.126.222.64:8970,0,0,1,48,1,48,0.513219000,0.0000
45.231.135.184:61381,<->,71.126.222.64:51161,0,0,1,48,1,48,0.513155000,0.0000
218.35.123.142:54961,<->,71.126.222.64:43059,0,0,1,48,1,48,0.513049000,0.0000
71.126.222.64:48976,<->,208.119.226.72:41013,1,48,0,0,1,48,0.513043000,0.0000
214.231.96.0:64711,<->,71.126.222.64:42453,0,0,1,48,1,48,0.513022000,0.0000
215.109.212.167:50329,<->,71.126.222.64:37528,0,0,1,48,1,48,0.512974000,0.0000
213.202.96.51:62973,<->,71.126.222.64:11151,0,0,1,48,1,48,0.512967000,0.0000
215.33.99.26:57232,<->,71.126.222.64:6464,0,0,1,48,1,48,0.512957000,0.0000
71.126.222.64:61165,<->,133.67.209.83:59021,1,48,0,0,1,48,0.512950000,0.0000
216.116.242.56:43179,<->,71.126.222.64:19012,0,0,1,48,1,48,0.512695000,0.0000
192.0.21.10:37339,<->,71.126.222.64:24530,0,0,1,48,1,48,0.512648000,0.0000
71.126.222.64:39821,<->,50.240.87.155:38288,1,48,0,0,1,48,0.512373000,0.0000
196.185.218.92:62967,<->,71.126.222.64:57679,0,0,1,48,1,48,0.512209000,0.0000
71.126.222.64:43043,<->,194.229.2.20:29128,1,48,0,0,1,48,0.512160000,0.0000
211.129.121.222:35044,<->,71.126.222.64:21795,0,0,1,48,1,48,0.512105000,0.0000
204.167.121.55:12467,<->,71.126.222.64:6097,0,0,1,48,1,48,0.512022000,0.0000
200.129.186.115:47064,<->,71.126.222.64:44300,0,0,1,48,1,48,0.511992000,0.0000
198.83.232.76:60142,<->,71.126.222.64:38407,0,0,1,48,1,48,0.511980000,0.0000
71.126.222.64:58985,<->,167.234.229.190:10091,1,48,0,0,1,48,0.511936000,0.0000
55.151.125.157:63257,<->,71.126.222.64:19012,0,0,1,48,1,48,0.511904000,0.0000
71.126.222.64:32695,<->,196.113.124.142:26395,1,48,0,0,1,48,0.511713000,0.0000
200.227.204.138:57331,<->,71.126.222.64:7618,0,0,1,48,1,48,0.511706000,0.0000
200.33.109.248:31953,<->,71.126.222.64:22196,0,0,1,48,1,48,0.511566000,0.0000
204.54.196.69:61653,<->,71.126.222.64:36447,0,0,1,48,1,48,0.511523000,0.0000
71.126.222.64:36783,<->,203.57.213.126:7480,1,48,0,0,1,48,0.511492000,0.0000
130.119.190.246:51308,<->,71.126.222.64:17547,0,0,1,48,1,48,0.511469000,0.0000
71.126.222.64:63510,<->,194.161.49.241:62363,1,48,0,0,1,48,0.511462000,0.0000
209.248.24.133:28748,<->,71.126.222.64:21946,0,0,1,48,1,48,0.511445000,0.0000
43.71.53.144:63571,<->,71.126.222.64:45086,0,0,1,48,1,48,0.511361000,0.0000
218.45.113.52:15913,<->,71.126.222.64:5652,0,0,1,48,1,48,0.511305000,0.0000
71.126.222.64:37528,<->,202.223.248.93:pcmk-remote,1,48,0,0,1,48,0.511258000,0.0000
71.126.222.64:51161,<->,195.38.237.153:50607,1,48,0,0,1,48,0.511228000,0.0000
195.222.17.245:63125,<->,71.126.222.64:7146,0,0,1,48,1,48,0.511209000,0.0000
71.126.222.64:22771,<->,255.65.252.96:madge-ltd,1,48,0,0,1,48,0.510913000,0.0000
208.122.67.245:61930,<->,71.126.222.64:cequint-cityid,0,0,1,48,1,48,0.510908000,0.0000
55.201.125.175:62681,<->,71.126.222.64:36783,0,0,1,48,1,48,0.510764000,0.0000
71.126.222.64:50330,<->,212.73.135.198:22179,1,48,0,0,1,48,0.510699000,0.0000
45.9.190.227:47403,<->,71.126.222.64:32985,0,0,1,48,1,48,0.510592000,0.0000
71.126.222.64:59386,<->,204.148.89.186:54750,1,48,0,0,1,48,0.510580000,0.0000
211.104.205.232:44149,<->,71.126.222.64:8174,0,0,1,48,1,48,0.510549000,0.0000
71.126.222.64:36783,<->,54.113.154.92:25390,1,48,0,0,1,48,0.510481000,0.0000
71.126.222.64:43969,<->,192.126.192.190:28112,1,48,0,0,1,48,0.510470000,0.0000
200.80.6.224:60414,<->,71.126.222.64:29772,0,0,1,48,1,48,0.510333000,0.0000
71.126.222.64:50330,<->,215.94.251.130:10182,1,48,0,0,1,48,0.510175000,0.0000
71.126.222.64:26974,<->,192.143.102.116:9345,1,48,0,0,1,48,0.510167000,0.0000
167.39.249.131:28840,<->,71.126.222.64:7618,0,0,1,48,1,48,0.509997000,0.0000
80.57.178.202:61806,<->,71.126.222.64:37528,0,0,1,48,1,48,0.509843000,0.0000
40.117.181.21:32467,<->,71.126.222.64:virtualtape,0,0,1,48,1,48,0.509732000,0.0000
195.248.32.74:56082,<->,71.126.222.64:35555,0,0,1,48,1,48,0.509707000,0.0000
195.181.124.222:36308,<->,71.126.222.64:11151,0,0,1,48,1,48,0.509605000,0.0000
71.126.222.64:32442,<->,210.185.169.79:22388,1,48,0,0,1,48,0.509472000,0.0000
192.18.166.108:50984,<->,71.126.222.64:22224,0,0,1,48,1,48,0.509440000,0.0000
195.52.240.138:64689,<->,71.126.222.64:61140,0,0,1,48,1,48,0.509201000,0.0000
73.52.179.129:50159,<->,71.126.222.64:37065,0,0,1,48,1,48,0.509167000,0.0000
195.52.240.138:64674,<->,71.126.222.64:44420,0,0,1,48,1,48,0.509154000,0.0000
71.126.222.64:60552,<->,167.34.43.217:19755,1,48,0,0,1,48,0.508794000,0.0000
52.115.91.169:63043,<->,71.126.222.64:59709,0,0,1,48,1,48,0.508782000,0.0000
212.209.131.39:17790,<->,71.126.222.64:autobuild,0,0,1,48,1,48,0.508555000,0.0000
71.126.222.64:63510,<->,213.114.130.4:42245,1,48,0,0,1,48,0.508522000,0.0000
71.126.222.64:59524,<->,218.39.4.33:18610,1,48,0,0,1,48,0.508470000,0.0000
250.247.75.14:10593,<->,71.126.222.64:autobuild,0,0,1,48,1,48,0.508356000,0.0000
198.132.142.218:37588,<->,71.126.222.64:30864,0,0,1,48,1,48,0.508274000,0.0000
196.202.175.167:55531,<->,71.126.222.64:44300,0,0,1,48,1,48,0.508024000,0.0000
202.42.83.79:60252,<->,71.126.222.64:19012,0,0,1,48,1,48,0.508018000,0.0000
192.38.115.70:23114,<->,71.126.222.64:copy,0,0,1,48,1,48,0.507896000,0.0000
192.50.5.194:62837,<->,71.126.222.64:11151,0,0,1,48,1,48,0.507690000,0.0000
212.71.220.100:50441,<->,71.126.222.64:d-fence,0,0,1,48,1,48,0.507664000,0.0000
215.132.38.7:62325,<->,71.126.222.64:49809,0,0,1,48,1,48,0.507542000,0.0000
215.197.222.211:45145,<->,71.126.222.64:5652,0,0,1,48,1,48,0.507486000,0.0000
61.189.24.19:64768,<->,71.126.222.64:54592,0,0,1,48,1,48,0.507368000,0.0000
71.126.222.64:33048,<->,97.240.233.203:20053,1,48,0,0,1,48,0.507348000,0.0000
80.57.178.202:61796,<->,71.126.222.64:37528,0,0,1,48,1,48,0.507256000,0.0000
71.126.222.64:58985,<->,52.128.169.112:42963,1,48,0,0,1,48,0.507202000,0.0000
202.130.195.157:65450,<->,71.126.222.64:47068,0,0,1,48,1,48,0.507132000,0.0000
215.73.249.204:40016,<->,71.126.222.64:39409,0,0,1,48,1,48,0.507125000,0.0000
71.126.222.64:22224,<->,195.194.8.167:15619,1,48,0,0,1,48,0.507022000,0.0000
195.27.222.103:9223,<->,71.126.222.64:netwatcher-db,0,0,1,48,1,48,0.506984000,0.0000
71.126.222.64:63978,<->,52.128.227.82:17626,1,48,0,0,1,48,0.506799000,0.0000
71.126.222.64:46958,<->,212.71.216.61:11198,1,48,0,0,1,48,0.506465000,0.0000
193.86.91.118:26928,<->,71.126.222.64:12699,0,0,1,48,1,48,0.506266000,0.0000
71.126.222.64:41857,<->,208.116.112.99:14930,1,48,0,0,1,48,0.506254000,0.0000
71.126.222.64:59530,<->,211.4.248.153:41808,1,48,0,0,1,48,0.506155000,0.0000
39.235.117.122:63458,<->,71.126.222.64:19202,0,0,1,48,1,48,0.506005000,0.0000
71.126.222.64:35555,<->,255.3.231.160:11098,1,48,0,0,1,48,0.505858000,0.0000
71.126.222.64:11516,<->,195.254.207.7:8579,1,48,0,0,1,48,0.505617000,0.0000
71.126.222.64:43211,<->,209.3.228.115:24085,1,48,0,0,1,48,0.505556000,0.0000
204.80.222.74:62684,<->,71.126.222.64:17547,0,0,1,48,1,48,0.505528000,0.0000
207.252.246.238:63031,<->,71.126.222.64:58985,0,0,1,48,1,48,0.505404000,0.0000
71.126.222.64:45249,<->,34.242.69.98:26728,1,48,0,0,1,48,0.505260000,0.0000
71.126.222.64:48317,<->,196.216.146.135:41690,1,48,0,0,1,48,0.505151000,0.0000
167.71.170.177:62697,<->,71.126.222.64:43286,0,0,1,48,1,48,0.505000000,0.0000
71.126.222.64:45890,<->,193.137.149.18:bootserver,1,48,0,0,1,48,0.504884000,0.0000
204.54.196.69:61651,<->,71.126.222.64:36447,0,0,1,48,1,48,0.504587000,0.0000
71.126.222.64:59530,<->,200.46.217.49:58843,1,48,0,0,1,48,0.504384000,0.0000
71.126.222.64:63510,<->,211.142.2.249:42466,1,48,0,0,1,48,0.504181000,0.0000
200.153.143.233:40165,<->,71.126.222.64:36104,0,0,1,48,1,48,0.504176000,0.0000
71.126.222.64:45249,<->,195.173.92.147:31730,1,48,0,0,1,48,0.504087000,0.0000
71.126.222.64:48976,<->,192.5.232.167:24841,1,48,0,0,1,48,0.504039000,0.0000
36.228.252.176:46870,<->,71.126.222.64:44300,0,0,1,48,1,48,0.503875000,0.0000
212.219.70.114:65057,<->,71.126.222.64:32442,0,0,1,48,1,48,0.503850000,0.0000
37.231.112.17:55733,<->,71.126.222.64:54300,0,0,1,48,1,48,0.503757000,0.0000
71.126.222.64:52993,<->,52.81.140.239:codima-rtp,1,48,0,0,1,48,0.503695000,0.0000
203.202.109.248:55062,<->,71.126.222.64:44300,0,0,1,48,1,48,0.503606000,0.0000
71.126.222.64:37065,<->,196.104.141.229:19848,1,48,0,0,1,48,0.503494000,0.0000
71.126.222.64:49858,<->,195.53.240.87:slc-systemlog,1,48,0,0,1,48,0.503449000,0.0000
215.34.26.53:61672,<->,71.126.222.64:50330,0,0,1,48,1,48,0.503380000,0.0000
196.105.210.212:62246,<->,71.126.222.64:10470,0,0,1,48,1,48,0.503190000,0.0000
203.242.0.215:56972,<->,71.126.222.64:26827,0,0,1,48,1,48,0.503032000,0.0000
193.11.28.37:65216,<->,71.126.222.64:8970,0,0,1,48,1,48,0.503026000,0.0000
129.211.53.185:9989,<->,71.126.222.64:spsc,0,0,1,48,1,48,0.502994000,0.0000
192.0.21.10:37323,<->,71.126.222.64:24530,0,0,1,48,1,48,0.502965000,0.0000
71.126.222.64:52993,<->,52.81.140.239:trc-netpoll,1,48,0,0,1,48,0.502926000,0.0000
71.126.222.64:40692,<->,215.86.208.70:19852,1,48,0,0,1,48,0.502919000,0.0000
71.126.222.64:48976,<->,194.206.27.219:18388,1,48,0,0,1,48,0.502732000,0.0000
211.186.118.80:60543,<->,71.126.222.64:spsc,0,0,1,48,1,48,0.502727000,0.0000
212.80.220.218:49832,<->,71.126.222.64:magaya-network,0,0,1,48,1,48,0.502661000,0.0000
203.223.34.138:62563,<->,71.126.222.64:60204,0,0,1,48,1,48,0.502638000,0.0000
71.126.222.64:26827,<->,192.184.69.85:3300,1,48,0,0,1,48,0.502619000,0.0000
71.126.222.64:44420,<->,255.192.203.192:msgsys,1,48,0,0,1,48,0.502543000,0.0000
214.199.203.13:44287,<->,71.126.222.64:41154,0,0,1,48,1,48,0.502507000,0.0000
71.126.222.64:26662,<->,194.12.250.232:22506,1,48,0,0,1,48,0.502485000,0.0000
71.126.222.64:49601,<->,216.141.236.20:ampl-tableproxy,1,48,0,0,1,48,0.502391000,0.0000
97.234.34.78:36578,<->,71.126.222.64:5652,0,0,1,48,1,48,0.502285000,0.0000
71.126.222.64:qsm-proxy,<->,208.114.36.45:x9-icue,1,48,0,0,1,48,0.501981000,0.0000
71.126.222.64:59709,<->,217.187.98.18:8805,1,48,0,0,1,48,0.501883000,0.0000
206.150.119.21:57767,<->,71.126.222.64:24530,0,0,1,48,1,48,0.501729000,0.0000
71.126.222.64:27225,<->,33.125.173.197:7695,1,46,0,0,1,46,0.501691000,0.0000
71.126.222.64:41713,<->,216.155.157.238:40515,1,48,0,0,1,48,0.501580000,0.0000
71.126.222.64:42453,<->,192.229.242.166:limnerpressure,1,48,0,0,1,48,0.501430000,0.0000
71.126.222.64:16688,<->,200.236.169.197:16294,1,48,0,0,1,48,0.501378000,0.0000
200.153.143.233:40150,<->,71.126.222.64:36104,0,0,1,48,1,48,0.501284000,0.0000
71.126.222.64:41154,<->,192.234.119.8:gsms,1,48,0,0,1,48,0.501279000,0.0000
71.126.222.64:27225,<->,33.125.173.197:7655,1,46,0,0,1,46,0.501266000,0.0000
71.126.222.64:49601,<->,199.218.208.31:32058,1,48,0,0,1,48,0.501243000,0.0000
229.51.190.15:49878,<->,71.126.222.64:22196,0,0,1,48,1,48,0.501143000,0.0000
71.126.222.64:43286,<->,215.81.245.72:41083,1,48,0,0,1,48,0.501120000,0.0000
71.126.222.64:58985,<->,167.234.229.190:10075,1,48,0,0,1,48,0.501018000,0.0000
200.65.222.135:50121,<->,71.126.222.64:33724,0,0,1,48,1,48,0.500994000,0.0000
71.126.222.64:63819,<->,200.72.167.141:50875,1,48,0,0,1,48,0.500901000,0.0000
195.52.240.138:64674,<->,71.126.222.64:61140,0,0,1,48,1,48,0.500883000,0.0000
217.243.28.63:58292,<->,71.126.222.64:50185,0,0,1,48,1,48,0.500831000,0.0000
71.126.222.64:43969,<->,192.126.192.190:28096,1,48,0,0,1,48,0.500710000,0.0000
71.126.222.64:23780,<->,216.3.111.236:7836,1,48,0,0,1,48,0.500674000,0.0000
192.87.52.192:60896,<->,71.126.222.64:25601,0,0,1,48,1,48,0.500637000,0.0000
72.123.220.104:12926,<->,71.126.222.64:copy,0,0,1,48,1,48,0.500567000,0.0000
208.189.233.138:44014,<->,71.126.222.64:31008,0,0,1,48,1,48,0.500386000,0.0000
71.126.222.64:53683,<->,208.97.165.197:49500,1,48,0,0,1,48,0.500313000,0.0000
71.126.222.64:63978,<->,55.166.114.74:28505,1,48,0,0,1,48,0.500291000,0.0000
51.107.44.170:50816,<->,71.126.222.64:16314,0,0,1,48,1,48,0.500186000,0.0000
71.126.222.64:51161,<->,195.38.237.153:50606,1,48,0,0,1,48,0.500101000,0.0000
200.212.120.22:50502,<->,71.126.222.64:13023,0,0,1,48,1,48,0.500032000,0.0000
71.126.222.64:53683,<->,208.97.165.197:49490,1,48,0,0,1,48,0.499779000,0.0000
71.126.222.64:43943,<->,63.126.164.3:10072,1,48,0,0,1,48,0.499771000,0.0000
71.126.222.64:34070,<->,194.126.183.219:29816,1,48,0,0,1,48,0.499691000,0.0000
71.126.222.64:34070,<->,194.126.183.219:29801,1,48,0,0,1,48,0.499687000,0.0000
71.126.222.64:34070,<->,194.126.183.219:29785,1,48,0,0,1,48,0.499668000,0.0000
